% -------------------------------------------------------------------
%  Generated by MATLAB on 10-Oct-2022 23:15:50
%  MATLAB version: 9.12.0.2009381 (R2022a) Update 4
% -------------------------------------------------------------------
                                         
function bestChromosome = BestChromosome()
bestChromosome = [0.28148643113863969 0.12245843865028316 0.69838452190913425 ...
                  0.12966177504869869 0.20223520008671902 0.79308546540324387 ...
                  0.4344206118590197 0.989371391813823 0.4518962749165788 ...
                  0.54313830909790772 0.64689459773719682 0.82107716083253235 ...
                  0.001481444721799674 0.40955757044813212 0.74022429386381072 ...
                  0.46629489467849983 0.31399943296555122 0.71746217453391192 ...
                  0.45255438747619825 0.84322545362495849 0.1599435323320505 ...
                  0.65621941112072968 0.78456513105037373 0.049548956385219833 ...
                  0.72585232049457138 0.92601590093985919 0.79294906890870342 ...
                  0.90267788452772446 0.074266876867964182 0.33127482726031543 ...
                  0.49293177635068697 0.10190148892957152];
end
